4
linear   essential      -0.250000   0.750000
linear   non-essential   0.000000   1.000000
linear   essential       0.000000   1.000000
linear   essential       0.000000   1.000000

3 1
significant   elliptical    15
	  0.332031  0.264062  0.226562  0.118750
	  0.000400  0.000400  0.000400  0.000400

1 1
significant   elliptical    11
	  0.355469  0.170064  0.195312  0.074219
	  0.000400  0.000400  0.000400  0.000400

7 1
significant   elliptical    20
	  0.410156  0.199355  0.203125  0.105469
	  0.000400  0.000400  0.000400  0.000400

4 1
significant   elliptical    15
	  0.289583  0.169557  0.163281  0.100000
	  0.001066  0.000400  0.000400  0.000400

0 1
significant   elliptical     7
	  0.328125  0.302400  0.203125  0.140625
	  0.000400  0.000400  0.000400  0.000400

2 1
significant   elliptical     4
	  0.289062  0.240234  0.205078  0.109375
	  0.001526  0.001077  0.000748  0.000400

6 1
significant   elliptical     8
	  0.286621  0.260303  0.195312  0.125000
	  0.000400  0.000400  0.000400  0.000400

8 1
significant   elliptical     9
	  0.318576  0.297309  0.200955  0.117622
	  0.000821  0.000704  0.000400  0.000400

5 1
significant   elliptical     6
	  0.343750  0.247331  0.214844  0.109375
	  0.000400  0.000400  0.000400  0.000400

9 1
significant   elliptical    16
	  0.367188  0.263550  0.195312  0.121094
	  0.000400  0.000400  0.000400  0.000400
