E 13 11 20 23 17
N 24 11 32 23 17
b 36 11 44 24 17
h 48 11 55 24 17
> 60 12 68 23 17
m 72 11 80 20 17
K 84 11 92 23 17
N 96 11 104 23 17
0 108 11 116 24 17
A 120 11 128 23 17
a 132 11 139 20 17
u 144 11 152 20 17
j 157 8 161 24 17
2 168 11 175 24 17
F 181 11 187 23 17
2 12 11 19 24 18
9 24 11 32 24 18
X 36 11 43 23 18
o 48 11 56 20 18
H 60 11 67 23 18
Z 72 11 79 23 18
z 84 11 91 20 18
T 96 11 104 23 18
< 108 12 116 23 18
y 120 8 128 20 18
8 132 11 140 24 18
W 144 11 152 23 18
Q 156 11 164 23 18
f 168 11 175 24 18
e 180 11 188 20 18
U 192 11 200 23 18
h 12 11 19 24 19
2 24 11 31 24 19
1 37 11 42 24 19
O 48 11 56 23 19
S 60 11 67 23 19
> 72 12 80 23 19
< 84 12 92 23 19
s 97 11 104 20 19
M 108 11 116 23 19
g 120 8 128 20 19
V 132 11 140 23 19
d 144 11 152 24 19
Y 156 11 163 23 19
1 169 11 174 24 19
B 180 11 188 23 19
P 192 11 200 23 19
l 206 11 211 24 19
q 216 8 224 20 19
1 229 11 234 24 19
j 13 8 17 24 20
J 24 11 30 23 20
0 36 11 44 24 20
> 48 12 56 23 20
m 60 11 68 20 20
Y 72 11 79 23 20
m 84 11 92 20 20
3 96 11 104 24 20
v 108 11 116 20 20
y 120 8 127 20 20
5 134 11 140 24 20
4 143 11 151 24 20
W 156 11 164 23 20
M 168 11 176 23 20
y 180 8 188 20 20
x 192 11 199 20 20
8 204 11 212 24 20
< 216 12 224 23 20
O 228 11 236 23 20
T 12 11 20 23 21
9 24 11 32 24 21
k 37 11 44 24 21
b 48 11 56 24 21
d 60 11 68 24 21
U 72 11 80 23 21
v 84 11 92 20 21
A 96 11 104 23 21
m 108 11 116 20 21
t 120 11 127 23 21
D 133 11 140 23 21
Y 144 11 151 23 21
L 156 11 163 23 21
I 169 11 175 23 21
g 180 8 188 20 21
e 192 11 200 20 21
7 12 11 20 24 22
c 25 11 32 20 22
i 37 11 41 24 22
N 48 11 56 23 22
H 60 11 67 23 22
6 72 11 80 24 22
A 84 11 92 23 22
E 97 11 104 23 22
4 107 11 115 24 22
7 120 11 128 24 22
J 132 11 138 23 22
x 144 11 151 20 22
x 156 11 163 20 22
d 168 11 176 24 22
c 181 11 188 20 22
R 192 11 199 23 22
L 204 11 211 23 22
c 217 11 224 20 22
G 12 11 20 23 23
C 25 11 31 23 23
t 36 11 43 23 23
< 48 12 56 23 23
J 60 11 66 23 23
B 72 11 80 23 23
q 84 8 92 20 23
D 97 11 104 23 23
l 110 11 115 24 23
R 120 11 127 23 23
1 133 11 138 24 23
s 145 11 152 20 23
F 157 11 163 23 23
b 168 11 176 24 23
U 180 11 188 23 23
n 192 11 200 20 23
D 205 11 212 23 23
o 216 11 224 20 23
P 228 11 236 23 23
7 12 11 20 24 24
B 24 11 32 23 24
T 36 11 44 23 24
r 49 11 55 20 24
8 60 11 68 24 24
C 73 11 79 23 24
E 85 11 92 23 24
K 96 11 104 23 24
u 108 11 116 20 24
i 121 11 125 24 24
w 132 11 140 20 24
8 144 11 152 24 24
Y 156 11 164 23 24
f 168 11 175 24 24
j 180 8 185 24 24
T 12 11 20 23 25
S 24 11 31 23 25
t 36 11 43 23 25
S 48 11 55 23 25
Q 60 11 68 23 25
C 73 11 79 23 25
9 84 11 92 24 25
L 96 11 103 23 25
U 108 11 116 23 25
F 121 11 127 23 25
k 133 11 140 24 25
c 145 11 152 20 25
a 156 11 163 20 25
Z 168 11 175 23 25
z 180 11 187 20 25
w 12 11 20 20 26
I 25 11 31 23 26
i 37 11 41 24 26
V 48 11 56 23 26
> 60 12 68 23 26
4 71 11 79 24 26
p 84 8 92 20 26
H 96 11 103 23 26
O 108 11 116 23 26
j 121 8 125 24 26
4 131 11 139 24 26
k 145 11 152 24 26
S 156 11 163 23 26
X 168 11 175 23 26
X 180 11 187 23 26
G 192 11 200 23 26
p 204 8 212 20 26
o 12 11 20 20 27
E 25 11 32 23 27
p 36 8 44 20 27
M 48 11 56 23 27
M 60 11 68 23 27
r 73 11 79 20 27
l 86 11 91 24 27
O 96 11 104 23 27
s 109 11 116 20 27
Z 120 11 127 23 27
A 132 11 140 23 27
D 145 11 152 23 27
u 156 11 164 20 27
N 168 11 176 23 27
G 180 11 188 23 27
v 192 11 200 20 27
x 204 11 211 20 27
d 216 11 224 24 27
R 228 11 235 23 27
J 12 11 18 23 28
B 24 11 32 23 28
5 37 11 44 24 28
t 48 11 55 23 28
R 60 11 67 23 28
g 72 8 80 20 28
3 84 11 92 24 28
z 96 11 103 20 28
e 108 11 116 20 28
w 120 11 128 20 28
3 132 11 140 24 28
n 144 11 152 20 28
W 156 11 164 23 28
H 168 11 175 23 28
L 180 11 187 23 28
6 192 11 200 24 28
I 205 11 211 23 28
k 13 11 20 24 29
P 24 11 32 23 29
q 36 8 44 20 29
7 48 11 56 24 29
a 60 11 67 20 29
y 72 8 80 20 29
r 85 11 91 20 29
u 96 11 104 20 29
l 110 11 115 24 29
e 120 11 128 20 29
r 133 11 139 20 29
f 144 11 151 24 29
V 156 11 164 23 29
v 168 11 176 20 29
n 180 11 188 20 29
b 192 11 200 24 29
f 204 11 211 24 29
0 216 11 224 24 29
K 12 11 20 23 30
h 24 11 31 24 30
3 36 11 44 24 30
2 48 11 55 24 30
o 60 11 68 20 30
0 72 11 80 24 30
z 84 11 91 20 30
K 96 11 104 23 30
h 108 11 115 24 30
6 120 11 128 24 30
I 133 11 139 23 30
n 144 11 152 20 30
P 156 11 164 23 30
Z 168 11 175 23 30
V 180 11 188 23 30
i 193 11 197 24 30
F 205 11 211 23 30
g 12 8 20 20 31
6 24 11 32 24 31
Q 36 11 44 23 31
G 48 11 56 23 31
w 60 11 68 20 31
q 72 8 80 20 31
C 85 11 91 23 31
p 96 8 104 20 31
a 108 11 115 20 31
s 121 11 128 20 31
W 132 11 140 23 31
9 144 11 152 24 31
X 156 11 163 23 31
5 169 11 176 24 31
Q 180 11 188 23 31
5 193 11 200 24 31
