67
NULL 0 Common 0
Joined 7 0,255,0,255,0,0,0,0,0,0 Latin 1 0 1 Joined	# Joined [4a 6f 69 6e 65 64 ]a
|Broken|0|1 15 0,255,0,255,0,0,0,0,0,0 Common 2 10 2 |Broken|0|1	# Broken
e 3 0,255,0,255,0,0,0,0,0,0 Latin 46 0 3 e	# e [65 ]a
4 8 0,255,0,255,0,0,0,0,0,0 Common 4 2 4 4	# 4 [34 ]0
U 5 0,255,0,255,0,0,0,0,0,0 Latin 21 0 5 U	# U [55 ]A
n 3 0,255,0,255,0,0,0,0,0,0 Latin 19 0 6 n	# n [6e ]a
5 8 0,255,0,255,0,0,0,0,0,0 Common 7 2 7 5	# 5 [35 ]0
B 5 0,255,0,255,0,0,0,0,0,0 Latin 28 0 8 B	# B [42 ]A
J 5 0,255,0,255,0,0,0,0,0,0 Latin 53 0 9 J	# J [4a ]A
z 3 0,255,0,255,0,0,0,0,0,0 Latin 47 0 10 z	# z [7a ]a
I 5 0,255,0,255,0,0,0,0,0,0 Latin 58 0 11 I	# I [49 ]A
L 5 0,255,0,255,0,0,0,0,0,0 Latin 41 0 12 L	# L [4c ]A
o 3 0,255,0,255,0,0,0,0,0,0 Latin 42 0 13 o	# o [6f ]a
m 3 0,255,0,255,0,0,0,0,0,0 Latin 38 0 14 m	# m [6d ]a
A 5 0,255,0,255,0,0,0,0,0,0 Latin 56 0 15 A	# A [41 ]A
c 3 0,255,0,255,0,0,0,0,0,0 Latin 24 0 16 c	# c [63 ]a
D 5 0,255,0,255,0,0,0,0,0,0 Latin 43 0 17 D	# D [44 ]A
s 3 0,255,0,255,0,0,0,0,0,0 Latin 63 0 18 s	# s [73 ]a
N 5 0,255,0,255,0,0,0,0,0,0 Latin 6 0 19 N	# N [4e ]A
t 3 0,255,0,255,0,0,0,0,0,0 Latin 54 0 20 t	# t [74 ]a
u 3 0,255,0,255,0,0,0,0,0,0 Latin 5 0 21 u	# u [75 ]a
> 0 0,255,0,255,0,0,0,0,0,0 Common 22 10 62 >	# > [3e ]
g 3 0,255,0,255,0,0,0,0,0,0 Latin 59 0 23 g	# g [67 ]a
C 5 0,255,0,255,0,0,0,0,0,0 Latin 16 0 24 C	# C [43 ]A
9 8 0,255,0,255,0,0,0,0,0,0 Common 25 2 25 9	# 9 [39 ]0
7 8 0,255,0,255,0,0,0,0,0,0 Common 26 2 26 7	# 7 [37 ]0
v 3 0,255,0,255,0,0,0,0,0,0 Latin 45 0 27 v	# v [76 ]a
b 3 0,255,0,255,0,0,0,0,0,0 Latin 8 0 28 b	# b [62 ]a
y 3 0,255,0,255,0,0,0,0,0,0 Latin 65 0 29 y	# y [79 ]a
x 3 0,255,0,255,0,0,0,0,0,0 Latin 48 0 30 x	# x [78 ]a
P 5 0,255,0,255,0,0,0,0,0,0 Latin 57 0 31 P	# P [50 ]A
K 5 0,255,0,255,0,0,0,0,0,0 Latin 64 0 32 K	# K [4b ]A
W 5 0,255,0,255,0,0,0,0,0,0 Latin 55 0 33 W	# W [57 ]A
r 3 0,255,0,255,0,0,0,0,0,0 Latin 44 0 34 r	# r [72 ]a
0 8 0,255,0,255,0,0,0,0,0,0 Common 35 2 35 0	# 0 [30 ]0
Q 5 0,255,0,255,0,0,0,0,0,0 Latin 61 0 36 Q	# Q [51 ]A
8 8 0,255,0,255,0,0,0,0,0,0 Common 37 2 37 8	# 8 [38 ]0
M 5 0,255,0,255,0,0,0,0,0,0 Latin 14 0 38 M	# M [4d ]A
3 8 0,255,0,255,0,0,0,0,0,0 Common 39 2 39 3	# 3 [33 ]0
F 5 0,255,0,255,0,0,0,0,0,0 Latin 49 0 40 F	# F [46 ]A
l 3 0,255,0,255,0,0,0,0,0,0 Latin 12 0 41 l	# l [6c ]a
O 5 0,255,0,255,0,0,0,0,0,0 Latin 13 0 42 O	# O [4f ]A
d 3 0,255,0,255,0,0,0,0,0,0 Latin 17 0 43 d	# d [64 ]a
R 5 0,255,0,255,0,0,0,0,0,0 Latin 34 0 44 R	# R [52 ]A
V 5 0,255,0,255,0,0,0,0,0,0 Latin 27 0 45 V	# V [56 ]A
E 5 0,255,0,255,0,0,0,0,0,0 Latin 3 0 46 E	# E [45 ]A
Z 5 0,255,0,255,0,0,0,0,0,0 Latin 10 0 47 Z	# Z [5a ]A
X 5 0,255,0,255,0,0,0,0,0,0 Latin 30 0 48 X	# X [58 ]A
f 3 0,255,0,255,0,0,0,0,0,0 Latin 40 0 49 f	# f [66 ]a
H 5 0,255,0,255,0,0,0,0,0,0 Latin 60 0 50 H	# H [48 ]A
6 8 0,255,0,255,0,0,0,0,0,0 Common 51 2 51 6	# 6 [36 ]0
2 8 0,255,0,255,0,0,0,0,0,0 Common 52 2 52 2	# 2 [32 ]0
j 3 0,255,0,255,0,0,0,0,0,0 Latin 9 0 53 j	# j [6a ]a
T 5 0,255,0,255,0,0,0,0,0,0 Latin 20 0 54 T	# T [54 ]A
w 3 0,255,0,255,0,0,0,0,0,0 Latin 33 0 55 w	# w [77 ]a
a 3 0,255,0,255,0,0,0,0,0,0 Latin 15 0 56 a	# a [61 ]a
p 3 0,255,0,255,0,0,0,0,0,0 Latin 31 0 57 p	# p [70 ]a
i 3 0,255,0,255,0,0,0,0,0,0 Latin 11 0 58 i	# i [69 ]a
G 5 0,255,0,255,0,0,0,0,0,0 Latin 23 0 59 G	# G [47 ]A
h 3 0,255,0,255,0,0,0,0,0,0 Latin 50 0 60 h	# h [68 ]a
q 3 0,255,0,255,0,0,0,0,0,0 Latin 36 0 61 q	# q [71 ]a
< 0 0,255,0,255,0,0,0,0,0,0 Common 62 10 22 <	# < [3c ]
S 5 0,255,0,255,0,0,0,0,0,0 Latin 18 0 63 S	# S [53 ]A
k 3 0,255,0,255,0,0,0,0,0,0 Latin 32 0 64 k	# k [6b ]a
Y 5 0,255,0,255,0,0,0,0,0,0 Latin 29 0 65 Y	# Y [59 ]A
1 8 0,255,0,255,0,0,0,0,0,0 Common 66 2 66 1	# 1 [31 ]0
