40
NULL 0 Common 0
Joined 7 0,255,0,255,0,0,0,0,0,0 Latin 1 0 1 Joined	# Joined [4a 6f 69 6e 65 64 ]a
|Broken|0|1 15 0,255,0,255,0,0,0,0,0,0 Common 2 10 2 |Broken|0|1	# Broken
0 8 0,255,0,255,0,0,0,0,0,0 Common 3 2 3 0	# 0 [30 ]0
2 8 0,255,0,255,0,0,0,0,0,0 Common 4 2 4 2	# 2 [32 ]0
1 8 0,255,0,255,0,0,0,0,0,0 Common 5 2 5 1	# 1 [31 ]0
9 8 0,255,0,255,0,0,0,0,0,0 Common 6 2 6 9	# 9 [39 ]0
3 8 0,255,0,255,0,0,0,0,0,0 Common 7 2 7 3	# 3 [33 ]0
F 5 0,255,0,255,0,0,0,0,0,0 Latin 8 0 8 F	# F [46 ]A
E 5 0,255,0,255,0,0,0,0,0,0 Latin 9 0 9 E	# E [45 ]A
B 5 0,255,0,255,0,0,0,0,0,0 Latin 10 0 10 B	# B [42 ]A
G 5 0,255,0,255,0,0,0,0,0,0 Latin 11 0 11 G	# G [47 ]A
A 5 0,255,0,255,0,0,0,0,0,0 Latin 12 0 12 A	# A [41 ]A
I 5 0,255,0,255,0,0,0,0,0,0 Latin 13 0 13 I	# I [49 ]A
M 5 0,255,0,255,0,0,0,0,0,0 Latin 14 0 14 M	# M [4d ]A
U 5 0,255,0,255,0,0,0,0,0,0 Latin 15 0 15 U	# U [55 ]A
J 5 0,255,0,255,0,0,0,0,0,0 Latin 16 0 16 J	# J [4a ]A
P 5 0,255,0,255,0,0,0,0,0,0 Latin 17 0 17 P	# P [50 ]A
N 5 0,255,0,255,0,0,0,0,0,0 Latin 18 0 18 N	# N [4e ]A
K 5 0,255,0,255,0,0,0,0,0,0 Latin 19 0 19 K	# K [4b ]A
W 5 0,255,0,255,0,0,0,0,0,0 Latin 20 0 20 W	# W [57 ]A
< 0 0,255,0,255,0,0,0,0,0,0 Common 21 10 0 <	# < [3c ]
S 5 0,255,0,255,0,0,0,0,0,0 Latin 22 0 22 S	# S [53 ]A
R 5 0,255,0,255,0,0,0,0,0,0 Latin 23 0 23 R	# R [52 ]A
T 5 0,255,0,255,0,0,0,0,0,0 Latin 24 0 24 T	# T [54 ]A
7 8 0,255,0,255,0,0,0,0,0,0 Common 25 2 25 7	# 7 [37 ]0
6 8 0,255,0,255,0,0,0,0,0,0 Common 26 2 26 6	# 6 [36 ]0
4 8 0,255,0,255,0,0,0,0,0,0 Common 27 2 27 4	# 4 [34 ]0
L 5 0,255,0,255,0,0,0,0,0,0 Latin 28 0 28 L	# L [4c ]A
Y 5 0,255,0,255,0,0,0,0,0,0 Latin 29 0 29 Y	# Y [59 ]A
C 5 0,255,0,255,0,0,0,0,0,0 Latin 30 0 30 C	# C [43 ]A
X 5 0,255,0,255,0,0,0,0,0,0 Latin 31 0 31 X	# X [58 ]A
V 5 0,255,0,255,0,0,0,0,0,0 Latin 32 0 32 V	# V [56 ]A
5 8 0,255,0,255,0,0,0,0,0,0 Common 33 2 33 5	# 5 [35 ]0
Q 5 0,255,0,255,0,0,0,0,0,0 Latin 34 0 34 Q	# Q [51 ]A
O 5 0,255,0,255,0,0,0,0,0,0 Latin 35 0 35 O	# O [4f ]A
8 8 0,255,0,255,0,0,0,0,0,0 Common 36 2 36 8	# 8 [38 ]0
D 5 0,255,0,255,0,0,0,0,0,0 Latin 37 0 37 D	# D [44 ]A
H 5 0,255,0,255,0,0,0,0,0,0 Latin 38 0 38 H	# H [48 ]A
Z 5 0,255,0,255,0,0,0,0,0,0 Latin 39 0 39 Z	# Z [5a ]A
